465
526
534
539
541
571
589
593
602
607
609
613
615
626
867
933
1019
1025
1027
1030
1037
1039
1041
1043
1045
1054
1059
1062
1064
1067
1070
1072
1085
1092
1112
1114
1116
1123
1126
1128
1132
1134
1148
1149
1153
1205
1211
1214
1217
1219
1221
1223
1225
1227
1251
1254
1256
1257
1260
1263
1265
1267
1269
1271
1273
1275
1277
1281
1283
1285
1286
1288
1290
1293
1295
1297
1299
1555
1557
1559
1561
1562
1564
1566
1568
1570
1572
1576
1578
1584
1588
1590
1592
1594
1596
1598
1600
1602
1604
1606
1609
1611
1613
1616
1618
1621
1623
1625
1638
1640
1642
1644
1939
1941
2068
2069
2073
2074
2076
2083
2088
2093
2094
2095
2096
2099
2105
2106
2109
2111
2113
2115
2117
2119
2121
2274
2277
2328
2403
2503
2547
2550
2552
2553
2556
2558
2560
2562
2686
2688
2689
2692
2695
2697
2699
2701
2791
2798
2801
2804
2805
2864
2903
2904
2909
2912
2915
2922
2923
2929
2941
2948
2950
2952
2959
2971
2972
2982
2983
2992
3028
3030
3033
3035
3077
3078
3099
3100
3109
3123
3162
3172
3184
3188
3189
3196
3226
3240
3254
3316
3317
3319
3323
3325
3333
3337
3340
3346
3349
3722
3800
3802
3804
3994
4000
4193
4201
4212
4343
4345
4347
4351
4353
4355
4357
4359
4361
4369
4372
4374
4378
4380
4382
4383
4384
4395
4398
4400
4402
4637
4639
4641
4647
4649
4719
4729
4731
5013
5026
5027
5029
5035
5037
5039
5041
5043
5047
5051
5053
5055
5058
5060
5111
5113
5114
5117
5120
5122
5128
5129
5130
5131
5179
5199
5254
5271
5278
5664
5714
5748
5752
5754
5756
5758
5764
5766
5768
5770
5772
5774
5776
5778
5780
5782
5784
5786
5788
5792
5794
5796
5798
5800
5801
5802
5803
5806
5808
5810
5812
5814
5816
5818
5820
5822
5824
5826
5828
5830
5832
5834
5836
5960
6067
6070
6074
6077
6081
6084
6098
6279
6321
6322
6324
6325
6327
6333
6340
6357
6370
6372
6373
6374
6375
6376
6377
6378
6379
6389
6653
6663
6676
6682
6685
6688
6696
6804
6807
6871
6877
6880
7094
7111
7122
7127
7145
7341
7342
7343
7344
7345
7346
7347
7348
7349
7350
7351
7352
7353
7354
7356
7358
7359
7360
7361
7362
7363
7364
7365
7366
7367
7368
7369
7371
7372
7374
7375
7376
7377
7378
7379
7380
7381
7382
7383
7384
7385
7386
7387
7388
7389
7390
7391
7393
7394
7395
7396
7397
7602
7605
7639
7641
7644
7649
7653
7947
8071
8106
8109
8120
8123
8125
8205
8229
8247
8293
8332
8337
8341
8491
8509
8510
8553
8556
8565
8637
8639
8663
8690
8705
8712
8728
8743
8748
8751
8780
8782
8832
8841
8847
8849
8851
8853
8855
8858
8864
8866
8911
8951
9005
9009
9012
9015
9018
9027
9035
9041
9044
9049
9068
9092
9734
9762
9764
9788
9790
9804
9990
10031
10032
10033
10034
10035
10036
10037
10043
10044
10045
10063
10064
10212
10242
10243
10292
10303
10385
10881
10908
10917
10924
10928
10930
10991
10993
11055
11057
11059
11068
11072
11073
11108
11143
11170
11172
11301
11333
11458
11461
11463
11487
11491
11496
11498
11500
11554
11579
11582
11583
11808
11810
11845
11852
11902
11907
12120
12132
12616
12619
12624
12641
12644
12647
12649
12651
12653
12655
13136
13137
13138
13139
13140
13141
13142
13143
13144
13145
13146
13147
13148
13149
13150
13151
13152
13153
13154
13155
13156
13157
13158
13159
13161
13162
13163
13164
13165
13166
13167
13168
13169
13170
13171
13172
13173
13174
13175
13176
13177
13178
13179
13180
13181
13182
13183
13184
13185
13186
13187
13188
13189
13190
13191
13192
13193
13743
13821
13900
14228
14233
14235
14238
14240
14242
14244
14246
14248
14250
14252
14257
14259
14271
14277
14279
14281
14283
14298
14300
14302
14305
14308
14311
14313
14317
14321
14323
14325
14327
14329
14331
14335
14337
14340
14342
14344
14346
14348
14351
14353
14354
14357
14359
14361
14363
14365
14368
14369
14374
14376
14378
14380
14383
14385
14387
14389
14432
14434
14436
14438
14455
14458
14459
14462
14464
14467
14469
14471
14477
14479
14481
14483
14485
14487
14489
14491
14493
14495
14497
14502
14504
14509
14511
14513
14517
14519
14533
14537
14543
14548
14551
14554
14555
14557
14559
14565
14570
14573
14589
14637
14639
14641
14646
14658
14660
14670
14679
14681
14683
14685
14687
14689
14691
14695
14698
14700
14722
14724
14736
14745
14748
14802
14806
14807
14810
14812
14813
14818
14826
14829
14831
14833
14835
14837
14844
14846
14848
14850
14852
14860
14862
14864
14866
14868
14870
14872
14874
14876
14878
14880
14882
14884
14886
14888
14890
14893
14895
14913
14952
14953
14955
14957
14959
14966
15055
15410
15419
15420
15424
15427
15429
15436
16039
16265
16269
16270
16271
16272
16273
16274
16275
16276
16277
16278
16279
16280
16281
16282
16283
16284
16287
16288
16289
16290
16291
16292
16293
16294
16295
16297
16298
16300
16301
16371
16373
16375
16377
16382
16384
16387
16388
16390
16392
16398
16401
16404
16405
16407
16409
16412
16414
16416
16420
16422
16424
16436
16438
16440
16442
16444
16446
16448
16459
16526
16528
16530
16532
16538
16540
16542
16544
16549
16606
16608
16610
16612
16615
16623
16628
16631
16633
16637
16639
16641
16643
16645
16649
16651
16740
16744
16746
16748
16750
16752
16755
16758
16760
16762
16764
16766
16768
16771
16775
16778
16783
16785
16805
16807
16809
16811
16813
16815
16817
16819
16824
16826
16829
16834
16836
16838
16840
16842
16844
16846
16848
16850
16852
16854
16856
16858
16860
16862
16864
16868
16870
16872
16874
16876
16879
16883
16887
16891
16893
16905
16910
16911
16931
16936
16939
16951
16954
16955
16960
16964
16968
16975
16976
17066
17077
17079
17081
17084
17095
17098
17099
17172
17216
17223
17240
17241
17243
17246
17249
17251
17252
17263
17265
17266
17267
17268
17272
17273
17287
17325
17326
17335
17337
17340
17347
17350
17353
17355
17371
17432
17434
17436
17438
17440
17442
17444
17446
17448
17450
17452
17454
17462
17466
17470
17472
17476
17486
17488
17489
17490
17492
17494
17498
17516
17534
17535
17536
17537
17538
17539
17540
17541
17542
17544
17563
17621
17639
17643
17648
17649
17652
17653
17654
17656
17657
17659
17661
17663
17664
17665
17666
17667
17668
17672
17674
17676
17682
17683
17687
17693
17695
17697
17700
17702
17715
17716
17725
17730
17735
17737
17740
17742
17743
17755
17759
17764
17766
17768
17771
17773
17787
17789
17792
17814
17815
17819
17825
17827
17839
17841
17843
17845
17846
17848
17851
17852
17853
17854
17855
17856
17857
17858
17859
17860
17861
17862
17863
17864
17865
17866
17867
17868
17869
17870
17871
17872
17873
17874
17875
17883
17900
17905
17924
17926
17930
17933
17935
17951
17952
17953
17977
17978
17984
17989
17991
17996
18054
18594
18600
18604
18621
18647
18659
18661
18665
18667
18670
18672
18674
18679
18681
18683
18685
18687
18689
18691
18693
18695
18697
18699
18705
18707
18714
18755
18757
18767
18769
18773
18793
18796
18798
18802
18805
18815
18820
18823
18827
18830
18837
18839
18923
18931
18932
18933
18952
18966
18973
18976
19043
19044
19045
19046
19049
19328
19344
19353
19355
19356
19357
19358
19359
19361
19363
19468
19723
19724
19725
20579
20882
20885
20984
20985
21303
21304
21314
21333
21379
21399
21408
21481
21485
21489
21491
21494
21496
21498
21501
21502
21597
21600
21603
21605
21610
21611
21614
21617
21620
21623
21625
21627
21631
21632
21634
21640
21642
21644
21948
21957
21964
21981
22020
22026
22141
22261
22263
22264
22528
22551
22569
22577
22695
22712
22716
22721
22723
22786
22966
23032
23050
23378
24186
24193
24209
24215
24218
24221
24224
24225
24227
24303
24305
24306
24309
24311
24313
24314
24317
24318
24322
24323
24326
24328
24330
24332
24334
24373
24374
24376
24386
24411
24416
24419
24422
24426
24429
24432
24435
24437
24439
24442
24444
24449
24729
24749
24750
24754
24759
24778
24780
24781
24790
24792
24793
24796
24798
24802
24805
24807
25370
25374
25376
25568
25818
25819
25850
25852
25857
25998
26255
26256
26261
26312
26653
26656
26664
26682
26718
26722
26851
27035
27036
27056
27115
27122
27139
27142
27146
27148
27154
27157
27166
27174
27178
27181
27185
27314
27363
27364
27367
27369
27371
27373
27375
27377
27405
27448
27472
27493
27501
27502
27505
27507
27527
27531
27532
27536
27537
27538
27539
27546
27547
27551
27562
27568
27569
27575
27582
27583
27593
27606
27617
27620
27621
27622
27626
27627
27630
27631
28324
28329
28341
28342
28360
28369
28376
28382
28389
28399
28401
28706
28790
29150
29151
29154
29155
29160
29164
29168
29169
29176
29180
29181
29184
29185
29187
29188
29500
29502
29505
29507
29508
29510
29511
29519
29520
29522
29526
29527
29572
29574
29576
29577
29589
29590
29610
29611
29616
29618
29628
29717
29724
29749
29751
29752
29981
29983
29984
29986
29989
30018
30019
30025
30026
30028
30029
30030
30033
30035
30038
30039
30040
30042
30044
30045
30047
30048
30050
30051
30053
30054
30055
30059
30060
30062
30063
30065
30066
30068
30070
30072
30075
30083
30084
30087
30090
30091
30092
30287
30288
30473
30710
30720
31026
31142
31152
31154
31155
31156
31159
31170
31172
31173
31175
31178
31349
31352
31354
31358
31373
31376
31378
31380
31382
31384
31386
31395
31396
31398
31401
31403
31405
31407
31408
31529
31537
31539
31542
31545
31547
31549
31551
31553
31557
31559
31560
31562
31563
31565
31566
31568
31575
31596
31597
31613
31748
31837
31871
31880
31882
31883
32045
32079
32081
32091
32093
32098
32102
32106
32107
32109
32111
32114
32115
32117
32118
32120
32121
32122
32126
32630
32631
32632
32633
32634
32635
32637
32638
32639
32640
32641
32642
32643
32645
32647
32648
32649
32650
32651
32652
32653
32655
32656
32657
32658
32660
32661
32662
32663
32664
32668
32669
32670
32672
32673
32674
32675
32676
32677
32678
32679
32680
32681
32682
32683
32695
32728
32729
32738
32741
32767
32769
32770
32773
32774
32776
32777
32779
32780
32783
32784
32786
32787
32851
32867
32873
32880
32882
32884
32885
32889
32891
32894
32897
32916
32938
33151
33153
33176
33180
33182
33184
33186
33187
33188
33189
33190
33197
33199
33200
33241
33242
33244
33257
33259
33260
33262
33264
33266
33268
33269
33271
33272
33273
33274
33275
33276
33277
33278
33286
33439
33745
33893
33969
33970
33971
33972
33973
33974
33975
33976
33977
33978
33984
33985
34090
34185
34186
34423
34458
34460
34461
34501
34578
34653
34656
34658
34660
34662
34667
34668
34792
34794
34796
34798
34800
34802
34805
34809
34812
34814
34817
34819
34821
34824
34826
34828
34831
34833
34863
34865
34868
34870
34872
34874
34876
34878
34880
34881
34885
34886
34889
34891
34893
34895
34905
34907
34909
34911
34962
34964
34970
34972
35392
35404
35419
35429
35434
35475
35478
35488
35513
35523
35554
36869
36884
36901
36902
36905
36908
36910
36923
36924
37564
37567
37576
37579
38082
38084
38086
38224
38300
39271
39276
39287
39290
39292
39295
39534
39536
40102
40292
40918
465
526
534
539
541
571
589
593
602
607
609
613
615
618
621
624
626
867
933
1019
1025
1027
1030
1037
1039
1041
1043
1045
1054
1059
1062
1064
1067
1070
1072
1085
1092
1112
1114
1116
1123
1126
1128
1132
1134
1148
1149
1153
1205
1211
1214
1217
1219
1221
1223
1225
1227
1251
1254
1256
1257
1260
1263
1265
1267
1269
1271
1273
1275
1277
1281
1283
1285
1286
1288
1290
1293
1295
1297
1299
1555
1557
1559
1561
1562
1564
1566
1568
1570
1572
1576
1578
1584
1588
1590
1592
1594
1596
1598
1600
1602
1604
1606
1609
1611
1613
1616
1618
1621
1623
1625
1638
1640
1642
1644
1939
1941
2068
2069
2073
2074
2076
2083
2088
2093
2094
2095
2096
2099
2105
2106
2109
2111
2113
2115
2117
2119
2121
2274
2277
2328
2403
2503
2547
2550
2552
2553
2556
2558
2560
2562
2686
2688
2689
2692
2695
2697
2699
2701
2791
2798
2801
2804
2805
2864
2903
2904
2909
2912
2915
2922
2923
2929
2941
2948
2950
2952
2959
2971
2972
2982
2983
2992
3028
3030
3033
3035
3077
3078
3099
3100
3109
3123
3162
3172
3184
3188
3189
3196
3226
3240
3254
3316
3317
3319
3323
3325
3333
3337
3340
3346
3349
3722
3800
3802
3804
3994
4000
4193
4201
4212
4343
4345
4347
4351
4353
4355
4357
4359
4361
4369
4372
4374
4378
4380
4382
4383
4384
4395
4398
4400
4402
4637
4639
4641
4647
4649
4719
4729
4731
5013
5026
5027
5029
5035
5037
5039
5041
5043
5047
5051
5053
5055
5058
5060
5111
5113
5114
5117
5120
5122
5128
5129
5130
5131
5179
5199
5254
5271
5278
5664
5714
5748
5752
5754
5756
5758
5764
5766
5768
5770
5772
5774
5776
5778
5780
5782
5784
5786
5788
5792
5794
5796
5798
5800
5801
5802
5803
5806
5808
5810
5812
5814
5816
5818
5820
5822
5824
5826
5828
5830
5832
5834
5836
5960
6067
6070
6074
6077
6081
6084
6093
6094
6098
6279
6321
6322
6324
6325
6327
6333
6340
6357
6370
6372
6373
6374
6375
6376
6377
6378
6379
6389
6653
6663
6676
6682
6685
6688
6696
6804
6807
6871
6877
6880
7094
7111
7122
7127
7145
7341
7342
7343
7344
7345
7346
7347
7348
7349
7350
7351
7352
7353
7354
7356
7358
7359
7360
7361
7362
7363
7364
7365
7366
7367
7368
7369
7371
7372
7374
7375
7376
7377
7378
7379
7380
7381
7382
7383
7384
7385
7386
7387
7388
7389
7390
7391
7393
7394
7395
7396
7397
7602
7605
7639
7641
7644
7649
7653
7947
8071
8106
8109
8120
8123
8125
8205
8229
8247
8293
8332
8337
8341
8491
8509
8510
8553
8556
8565
8637
8639
8663
8690
8705
8712
8728
8743
8748
8751
8780
8782
8832
8841
8847
8849
8851
8853
8855
8858
8864
8866
8911
8951
9005
9009
9012
9015
9018
9027
9035
9041
9044
9049
9068
9092
9734
9762
9764
9788
9790
9804
9990
10031
10032
10033
10034
10035
10036
10037
10043
10044
10045
10063
10064
10212
10242
10243
10292
10303
10385
10547
10881
10908
10917
10924
10928
10930
10991
10993
11055
11057
11059
11068
11072
11073
11108
11143
11170
11172
11301
11333
11458
11461
11463
11487
11491
11496
11498
11500
11554
11579
11582
11583
11808
11810
11845
11852
11902
11907
12120
12132
12616
12619
12621
12624
12634
12641
12644
12647
12649
12651
12653
12655
13136
13137
13138
13139
13140
13141
13142
13143
13144
13145
13146
13147
13148
13149
13150
13151
13152
13153
13154
13155
13156
13157
13158
13159
13161
13162
13163
13164
13165
13166
13167
13168
13169
13170
13171
13172
13173
13174
13175
13176
13177
13178
13179
13180
13181
13182
13183
13184
13185
13186
13187
13188
13189
13190
13191
13192
13193
13743
13821
13900
14228
14233
14235
14238
14240
14242
14244
14246
14248
14250
14252
14257
14259
14271
14277
14279
14281
14283
14298
14300
14302
14305
14308
14311
14313
14317
14321
14323
14325
14327
14329
14331
14335
14337
14340
14342
14344
14346
14348
14351
14353
14354
14357
14359
14361
14363
14365
14368
14369
14374
14376
14378
14380
14383
14385
14387
14389
14432
14434
14436
14438
14455
14458
14459
14462
14464
14467
14469
14471
14477
14479
14481
14483
14485
14487
14489
14491
14493
14495
14497
14502
14504
14509
14511
14513
14517
14519
14533
14537
14543
14548
14551
14554
14555
14557
14559
14565
14570
14573
14589
14637
14639
14641
14646
14658
14660
14670
14679
14681
14683
14685
14687
14689
14691
14695
14698
14700
14722
14724
14736
14745
14748
14802
14806
14807
14810
14812
14813
14818
14826
14829
14831
14833
14835
14837
14844
14846
14848
14850
14852
14860
14862
14864
14866
14868
14870
14872
14874
14876
14878
14880
14882
14884
14886
14888
14890
14893
14895
14913
14952
14953
14955
14957
14959
14966
15055
15410
15419
15420
15424
15427
15429
15436
16039
16265
16269
16270
16271
16272
16273
16274
16275
16276
16277
16278
16279
16280
16281
16282
16283
16284
16287
16288
16289
16290
16291
16292
16293
16294
16295
16297
16298
16300
16301
16371
16373
16375
16377
16382
16384
16387
16388
16390
16392
16398
16401
16404
16405
16407
16409
16412
16414
16416
16420
16422
16424
16436
16438
16440
16442
16444
16446
16448
16459
16526
16528
16530
16532
16538
16540
16542
16544
16549
16606
16608
16610
16612
16615
16623
16628
16631
16633
16637
16639
16641
16643
16645
16649
16651
16740
16744
16746
16748
16750
16752
16755
16758
16760
16762
16764
16766
16768
16771
16775
16778
16783
16785
16805
16807
16809
16811
16813
16815
16817
16819
16824
16826
16829
16834
16836
16838
16840
16842
16844
16846
16848
16850
16852
16854
16856
16858
16860
16862
16864
16868
16870
16872
16874
16876
16879
16883
16887
16891
16893
16905
16910
16911
16915
16917
16931
16933
16936
16939
16951
16954
16955
16960
16964
16968
16975
16976
17077
17079
17081
17084
17095
17098
17099
17172
17216
17223
17240
17241
17243
17246
17249
17251
17252
17263
17265
17266
17267
17268
17272
17273
17287
17325
17326
17335
17337
17340
17347
17350
17353
17355
17371
17432
17434
17436
17438
17440
17442
17444
17446
17448
17450
17452
17454
17462
17466
17470
17472
17476
17486
17488
17489
17490
17492
17494
17498
17516
17534
17535
17536
17537
17538
17539
17540
17541
17542
17544
17563
17621
17639
17643
17648
17649
17652
17653
17654
17656
17657
17659
17661
17663
17664
17665
17666
17667
17668
17672
17674
17676
17682
17683
17687
17693
17695
17697
17700
17702
17715
17716
17725
17730
17735
17737
17740
17742
17743
17755
17759
17764
17766
17768
17771
17773
17787
17789
17792
17814
17815
17819
17825
17827
17839
17841
17843
17845
17846
17848
17851
17852
17853
17854
17855
17856
17857
17858
17859
17860
17861
17862
17863
17864
17865
17866
17867
17868
17869
17870
17871
17872
17873
17874
17875
17883
17900
17905
17924
17926
17930
17933
17935
17951
17952
17953
17977
17978
17984
17989
17991
17996
18054
18594
18600
18604
18621
18647
18659
18661
18665
18667
18670
18672
18674
18679
18681
18683
18685
18687
18689
18691
18693
18695
18697
18699
18705
18707
18714
18755
18757
18767
18769
18773
18793
18796
18798
18802
18805
18815
18820
18823
18827
18830
18837
18839
18923
18931
18932
18933
18952
18966
18973
18976
19043
19044
19045
19046
19049
19328
19344
19353
19355
19356
19357
19358
19359
19361
19363
19468
19723
19724
19725
20579
20882
20885
20984
20985
21303
21304
21314
21333
21379
21399
21408
21481
21485
21489
21491
21494
21496
21498
21501
21502
21597
21600
21603
21605
21610
21611
21614
21617
21620
21623
21625
21627
21631
21632
21634
21640
21642
21644
21948
21957
21964
21981
22020
22026
22141
22261
22263
22264
22528
22551
22569
22577
22695
22712
22716
22721
22723
22786
22966
23032
23050
23378
24186
24193
24209
24212
24215
24218
24221
24224
24225
24227
24303
24305
24306
24309
24311
24313
24314
24317
24318
24322
24323
24326
24328
24330
24332
24334
24373
24374
24376
24386
24407
24411
24416
24419
24422
24426
24429
24432
24435
24437
24439
24442
24444
24446
24449
24450
24729
24749
24750
24754
24759
24778
24780
24781
24790
24792
24793
24796
24798
24802
24805
24807
25370
25374
25376
25568
25818
25819
25850
25852
25857
25998
26255
26256
26261
26312
26653
26656
26664
26682
26718
26722
26851
27035
27036
27056
27115
27122
27139
27142
27146
27148
27154
27157
27166
27174
27178
27181
27185
27188
27314
27363
27364
27367
27369
27371
27373
27375
27377
27405
27448
27472
27493
27501
27502
27505
27507
27527
27531
27532
27536
27537
27538
27539
27546
27547
27551
27562
27568
27569
27575
27582
27583
27593
27606
27617
27620
27621
27622
27626
27627
27630
27631
28324
28329
28341
28342
28360
28369
28376
28382
28388
28389
28392
28394
28395
28399
28401
28403
28407
28510
28516
28518
28520
28522
28542
28544
28706
28790
29150
29151
29154
29155
29160
29164
29168
29169
29176
29180
29181
29184
29185
29187
29188
29500
29502
29505
29507
29508
29510
29511
29519
29520
29522
29526
29527
29572
29574
29576
29577
29589
29590
29610
29611
29616
29618
29628
29717
29724
29749
29751
29752
29981
29983
29984
29986
29989
30018
30019
30025
30026
30028
30029
30030
30033
30035
30038
30039
30040
30042
30044
30045
30047
30048
30050
30051
30053
30054
30055
30059
30060
30062
30063
30065
30066
30068
30070
30072
30075
30083
30084
30087
30090
30091
30092
30282
30287
30288
30473
30710
30720
31026
31142
31152
31154
31155
31156
31159
31170
31172
31173
31175
31178
31349
31352
31354
31358
31373
31376
31378
31380
31382
31384
31386
31395
31396
31398
31401
31403
31405
31407
31408
31529
31537
31539
31542
31545
31547
31549
31551
31553
31557
31559
31560
31562
31563
31565
31566
31568
31575
31596
31597
31613
31748
31837
31871
31880
31882
31883
32007
32045
32079
32081
32091
32093
32098
32102
32106
32107
32109
32111
32114
32115
32117
32118
32120
32121
32122
32126
32630
32631
32632
32633
32634
32635
32637
32638
32639
32640
32641
32642
32643
32645
32647
32648
32649
32650
32651
32652
32653
32655
32656
32657
32658
32660
32661
32662
32663
32664
32668
32669
32670
32672
32673
32674
32675
32676
32677
32678
32679
32680
32681
32682
32683
32694
32695
32728
32729
32738
32741
32767
32769
32770
32773
32774
32776
32777
32779
32780
32783
32784
32786
32787
32851
32867
32873
32880
32882
32884
32885
32888
32889
32891
32894
32897
32916
32938
33151
33153
33176
33180
33182
33184
33186
33187
33188
33189
33190
33197
33199
33200
33241
33242
33244
33257
33259
33260
33262
33264
33266
33268
33269
33271
33272
33273
33274
33275
33276
33277
33278
33286
33412
33439
33678
33745
33893
33969
33970
33971
33972
33973
33974
33975
33976
33977
33978
33984
33985
34090
34185
34186
34423
34456
34458
34460
34461
34501
34578
34653
34656
34658
34660
34662
34667
34668
34792
34794
34796
34798
34800
34802
34805
34809
34812
34814
34817
34819
34821
34824
34826
34828
34831
34833
34863
34865
34868
34870
34872
34874
34876
34878
34880
34881
34885
34886
34889
34891
34893
34895
34905
34907
34909
34911
34917
34920
34962
34964
34970
34972
35392
35404
35419
35429
35434
35475
35478
35488
35513
35523
35554
36869
36884
36901
36902
36905
36908
36910
36923
36924
37564
37567
37569
37570
37573
37576
37579
38082
38084
38086
38224
38300
39271
39276
39287
39290
39292
39295
39534
39536
40102
40292
40918
707
709
8168
8171
9273
9275
9982
9984
16202
16203
16204
16205
16206
16207
16208
16209
17497
17842
18669
18696
18698
20457
25654
28493
32007
34787
35059
35533
39112
39114
39237
40334
2710
3175
22314
22420
24146
27313
27325
27327
31269
31270
