1019
1030
1037
1123
1134
1205
1217
1223
1251
1257
1260
1275
1277
1285
1286
1293
1295
1555
1562
1564
1584
1588
2096
2503
2971
2982
2983
2992
3099
3196
3316
4000
4343
4353
4359
4361
4369
4372
4374
4378
4380
4382
4383
4384
4395
5013
5027
5051
5053
5055
5058
5060
5113
5114
5117
5120
5122
5129
5130
5131
5714
5756
5758
5780
5782
5788
5792
5798
5800
5801
5803
5816
5820
5822
5836
6077
6098
6321
6322
6324
6325
6327
6357
6372
6373
6374
6376
6377
6378
6379
6389
6653
6663
6676
6682
6685
6688
6696
6804
6807
7145
7341
7342
7343
7344
7345
7346
7347
7348
7349
7350
7351
7352
7353
7356
7359
7360
7361
7362
7363
7364
7365
7367
7368
7371
7372
7375
7376
7377
7378
7379
7380
7381
7382
7383
7384
7385
7386
7387
7388
7389
7390
7391
7393
7394
7395
7396
7397
7602
7605
7639
7641
7644
7653
7947
8247
8293
8332
8337
8341
8509
8510
8553
8556
8565
8663
8690
8705
8712
8728
8780
8832
8853
8911
8951
9005
9009
9012
9015
9018
9027
9035
9041
9044
9049
9068
9092
9734
9762
9764
9788
9790
9804
9990
10031
10032
10033
10034
10035
10036
10037
10043
10044
10045
10063
10064
10212
10242
10243
10292
10303
10385
10881
10908
10917
10924
10928
10930
10991
10993
11055
11057
11059
11108
11143
11170
11172
11301
11333
11458
11487
11491
11496
11498
11500
11554
11579
11582
11583
11808
11810
11852
11907
12655
13136
13137
13138
13139
13140
13141
13142
13143
13144
13145
13146
13147
13148
13149
13150
13151
13152
13153
13154
13155
13156
13157
13158
13159
13161
13162
13163
13164
13165
13166
13167
13168
13169
13170
13171
13172
13173
13174
13175
13176
13177
13178
13179
13180
13181
13182
13183
13184
13185
13186
13187
13188
13189
13190
13191
13192
13193
13743
14228
14233
14235
14238
14240
14242
14244
14246
14248
14250
14252
14257
14259
14271
14277
14279
14281
14283
14298
14300
14302
14305
14308
14311
14313
14317
14321
14323
14325
14327
14329
14331
14340
14342
14344
14346
14351
14353
14354
14357
14359
14361
14363
14365
14368
14374
14376
14378
14380
14383
14385
14387
14389
14432
14434
14436
14438
14455
14458
14459
14462
14464
14467
14469
14471
14477
14479
14481
14483
14485
14487
14489
14491
14493
14495
14497
14502
14504
14509
14511
14513
14519
14533
14537
14543
14548
14551
14554
14555
14557
14559
14565
14570
14573
14637
14639
14641
14646
14658
14660
14670
14679
14681
14683
14685
14687
14689
14691
14695
14698
14722
14724
14736
14748
14802
14806
14807
14810
14812
14813
14818
14826
14829
14831
14833
14835
14837
14844
14846
14848
14850
14852
14860
14862
14864
14866
14868
14870
14872
14874
14876
14878
14880
14882
14884
14886
14888
14890
14893
14895
14913
14952
14953
14955
14957
14959
14966
15055
15410
15419
15420
15424
15427
15429
15436
16039
16269
16270
16271
16272
16273
16274
16275
16276
16277
16278
16279
16280
16281
16282
16283
16284
16287
16288
16289
16290
16291
16292
16293
16294
16295
16297
16298
16300
16301
16387
16530
16612
16639
16740
16783
16846
16879
16955
16968
16975
16976
17084
17099
17216
17223
17240
17241
17243
17246
17249
17251
17252
17263
17265
17266
17267
17268
17272
17273
17287
17325
17335
17340
17371
17432
17442
17444
17448
17452
17454
17489
17490
17494
17534
17535
17536
17537
17538
17539
17540
17541
17542
17563
17621
17643
17648
17649
17652
17653
17654
17656
17657
17659
17661
17663
17664
17665
17666
17667
17668
17674
17682
17683
17715
17716
17725
17730
17735
17737
17740
17742
17743
17815
17845
17852
17853
17854
17856
17857
17858
17860
17861
17862
17863
17864
17865
17866
17867
17868
17869
17870
17871
17872
17873
17874
17875
17900
17924
17926
17930
17933
17935
17951
17953
17977
17978
17984
17989
17991
17996
18054
18594
18600
18621
18647
18755
18837
18839
18923
18932
18933
18952
18966
18973
18976
19043
19044
19045
19046
19049
19328
19353
19355
19356
19357
19358
19359
19361
19363
19468
19724
19725
20579
20882
20885
20984
20985
21303
21304
21314
21333
21379
21399
21408
21481
21485
21489
21491
21494
21496
21498
21501
21502
21597
21600
21603
21605
21610
21611
21614
21617
21620
21623
21625
21627
21631
21632
21634
21640
21642
21644
21948
21957
21964
21981
22020
22026
22141
22261
22263
22264
22528
22551
22569
22577
22695
22712
22716
22721
22723
22786
22966
23378
24221
24303
24305
24306
24309
24311
24313
24314
24317
24318
24322
24323
24326
24328
24330
24332
24334
24373
24374
24376
24386
24729
24749
24750
24754
24759
24778
24780
24781
24790
24792
24793
24796
24798
24802
24805
24807
25370
25374
25376
25818
25819
25850
25852
26312
26653
26718
26722
27035
27036
27056
27363
27364
27367
27369
27371
27373
27375
27377
27405
27502
27532
27536
27538
27539
27546
27547
27551
27562
27568
27569
27575
27582
27583
27593
27606
27617
27620
27621
27622
27626
27627
27630
27631
28324
28342
28399
28401
29151
29155
29164
29169
29181
29185
29188
29500
29502
29508
29511
29519
29520
29526
29572
29574
29576
29577
29590
29611
29618
29717
29749
29752
29983
29984
29986
30019
30026
30028
30029
30030
30033
30035
30039
30042
30045
30048
30051
30054
30055
30060
30063
30066
30070
30075
30084
30287
30473
30720
31026
31142
31152
31155
31159
31170
31172
31175
31349
31354
31373
31378
31382
31386
31396
31401
31405
31408
31547
31560
31563
31566
31575
31597
31613
31837
31880
31883
32079
32091
32098
32109
32111
32114
32118
32121
32126
32630
32631
32632
32633
32634
32635
32637
32638
32639
32640
32641
32642
32643
32645
32648
32649
32650
32652
32653
32655
32656
32657
32658
32660
32661
32662
32663
32668
32669
32670
32672
32673
32674
32675
32676
32677
32678
32679
32680
32681
32682
32683
32695
32729
32738
32767
32770
32774
32777
32780
32784
32787
32851
32873
32882
32885
32889
32894
32938
33153
33186
33187
33188
33189
33190
33200
33242
33257
33260
33264
33268
33269
33272
33274
33275
33276
33277
33278
33286
33745
33893
33970
33971
33972
33973
33974
33975
33976
33977
33978
33984
33985
34090
34185
34186
34423
34461
34501
34578
34653
34656
34658
34660
34662
34667
34668
34794
34798
34802
34805
34809
34814
34819
34824
34828
34833
34865
34868
34870
34874
34878
34881
34886
34891
34895
34907
34911
34964
35392
35404
35434
35478
35513
35523
36869
36910
36924
38084
39276
39290
39295
40292
1019
1030
1037
1123
1134
1205
1217
1223
1251
1257
1260
1275
1277
1285
1286
1293
1295
1555
1562
1564
1584
1588
2096
2503
2971
2982
2983
2992
3099
3196
3316
4000
4343
4353
4359
4361
4369
4372
4374
4378
4380
4382
4383
4384
4395
5013
5027
5051
5053
5055
5058
5060
5113
5114
5117
5120
5122
5129
5130
5131
5714
5756
5758
5780
5782
5788
5792
5798
5800
5801
5803
5816
5820
5822
5836
6077
6098
6321
6322
6324
6325
6327
6357
6372
6373
6374
6376
6377
6378
6379
6389
6653
6663
6676
6682
6685
6688
6696
6804
6807
7145
7341
7342
7343
7344
7345
7346
7347
7348
7349
7350
7351
7352
7353
7356
7359
7360
7361
7362
7363
7364
7365
7367
7368
7371
7372
7375
7376
7377
7378
7379
7380
7381
7382
7383
7384
7385
7386
7387
7388
7389
7390
7391
7393
7394
7395
7396
7397
7602
7605
7639
7641
7644
7653
7947
8247
8293
8332
8337
8341
8509
8510
8553
8556
8565
8663
8690
8705
8712
8728
8780
8832
8853
8911
8951
9005
9009
9012
9015
9018
9027
9035
9041
9044
9049
9068
9092
9734
9762
9764
9788
9790
9804
9990
10031
10032
10033
10034
10035
10036
10037
10043
10044
10045
10063
10064
10212
10242
10243
10292
10303
10385
10881
10908
10917
10924
10928
10930
10991
10993
11055
11057
11059
11108
11143
11170
11172
11301
11333
11458
11487
11491
11496
11498
11500
11554
11579
11582
11583
11808
11810
11852
11907
12655
13136
13137
13138
13139
13140
13141
13142
13143
13144
13145
13146
13147
13148
13149
13150
13151
13152
13153
13154
13155
13156
13157
13158
13159
13161
13162
13163
13164
13165
13166
13167
13168
13169
13170
13171
13172
13173
13174
13175
13176
13177
13178
13179
13180
13181
13182
13183
13184
13185
13186
13187
13188
13189
13190
13191
13192
13193
13743
14228
14233
14235
14238
14240
14242
14244
14246
14248
14250
14252
14257
14259
14271
14277
14279
14281
14283
14298
14300
14302
14305
14308
14311
14313
14317
14321
14323
14325
14327
14329
14331
14340
14342
14344
14346
14351
14353
14354
14357
14359
14361
14363
14365
14368
14374
14376
14378
14380
14383
14385
14387
14389
14432
14434
14436
14438
14455
14458
14459
14462
14464
14467
14469
14471
14477
14479
14481
14483
14485
14487
14489
14491
14493
14495
14497
14502
14504
14509
14511
14513
14519
14533
14537
14543
14548
14551
14554
14555
14557
14559
14565
14570
14573
14637
14639
14641
14646
14658
14660
14670
14679
14681
14683
14685
14687
14689
14691
14695
14698
14722
14724
14736
14748
14802
14806
14807
14810
14812
14813
14818
14826
14829
14831
14833
14835
14837
14844
14846
14848
14850
14852
14860
14862
14864
14866
14868
14870
14872
14874
14876
14878
14880
14882
14884
14886
14888
14890
14893
14895
14913
14952
14953
14955
14957
14959
14966
15055
15410
15419
15420
15424
15427
15429
15436
16039
16269
16270
16271
16272
16273
16274
16275
16276
16277
16278
16279
16280
16281
16282
16283
16284
16287
16288
16289
16290
16291
16292
16293
16294
16295
16297
16298
16300
16301
16387
16530
16612
16639
16740
16783
16846
16879
16955
16968
16975
16976
17084
17099
17216
17223
17240
17241
17243
17246
17249
17251
17252
17263
17265
17266
17267
17268
17272
17273
17287
17325
17335
17340
17371
17432
17442
17444
17448
17452
17454
17489
17490
17494
17534
17535
17536
17537
17538
17539
17540
17541
17542
17563
17621
17643
17648
17649
17652
17653
17654
17656
17657
17659
17661
17663
17664
17665
17666
17667
17668
17674
17682
17683
17715
17716
17725
17730
17735
17737
17740
17742
17743
17815
17845
17852
17853
17854
17856
17857
17858
17860
17861
17862
17863
17864
17865
17866
17867
17868
17869
17870
17871
17872
17873
17874
17875
17900
17924
17926
17930
17933
17935
17951
17953
17977
17978
17984
17989
17991
17996
18054
18594
18600
18621
18647
18755
18837
18839
18923
18932
18933
18952
18966
18973
18976
19043
19044
19045
19046
19049
19328
19353
19355
19356
19357
19358
19359
19361
19363
19468
19724
19725
20579
20882
20885
20984
20985
21303
21304
21314
21333
21379
21399
21408
21481
21485
21489
21491
21494
21496
21498
21501
21502
21597
21600
21603
21605
21610
21611
21614
21617
21620
21623
21625
21627
21631
21632
21634
21640
21642
21644
21948
21957
21964
21981
22020
22026
22141
22261
22263
22264
22528
22551
22569
22577
22695
22712
22716
22721
22723
22786
22966
23378
24221
24303
24305
24306
24309
24311
24313
24314
24317
24318
24322
24323
24326
24328
24330
24332
24334
24373
24374
24376
24386
24729
24749
24750
24754
24759
24778
24780
24781
24790
24792
24793
24796
24798
24802
24805
24807
25370
25374
25376
25818
25819
25850
25852
26312
26653
26718
26722
27035
27036
27056
27363
27364
27367
27369
27371
27373
27375
27377
27405
27502
27532
27536
27538
27539
27546
27547
27551
27562
27568
27569
27575
27582
27583
27593
27606
27617
27620
27621
27622
27626
27627
27630
27631
28324
28342
28399
28401
29151
29155
29164
29169
29181
29185
29188
29500
29502
29508
29511
29519
29520
29526
29572
29574
29576
29577
29590
29611
29618
29717
29749
29752
29983
29984
29986
30019
30026
30028
30029
30030
30033
30035
30039
30042
30045
30048
30051
30054
30055
30060
30063
30066
30070
30075
30084
30287
30473
30720
31026
31142
31152
31155
31159
31170
31172
31175
31349
31354
31373
31378
31382
31386
31396
31401
31405
31408
31547
31560
31563
31566
31575
31597
31613
31837
31880
31883
32079
32091
32098
32109
32111
32114
32118
32121
32126
32630
32631
32632
32633
32634
32635
32637
32638
32639
32640
32641
32642
32643
32645
32648
32649
32650
32652
32653
32655
32656
32657
32658
32660
32661
32662
32663
32668
32669
32670
32672
32673
32674
32675
32676
32677
32678
32679
32680
32681
32682
32683
32695
32729
32738
32767
32770
32774
32777
32780
32784
32787
32851
32873
32882
32885
32889
32894
32938
33153
33186
33187
33188
33189
33190
33200
33242
33257
33260
33264
33268
33269
33272
33274
33275
33276
33277
33278
33286
33745
33893
33970
33971
33972
33973
33974
33975
33976
33977
33978
33984
33985
34090
34185
34186
34423
34461
34501
34578
34653
34656
34658
34660
34662
34667
34668
34794
34798
34802
34805
34809
34814
34819
34824
34828
34833
34865
34868
34870
34874
34878
34881
34886
34891
34895
34907
34911
34964
35392
35404
35434
35478
35513
35523
36869
36910
36924
38084
39276
39290
39295
40292
